5445470002
41348547372
45619657692
537232874251
538865608514
551050683796
564696160693
579832321305
582120586980
587194291520
601749211717
606599814277
608428620195
614459437043
618480555383
618514605461
619546041168
632544471187
646724111940
650190055779
662288024322
668669286939
669994069819
670423848301
675360883655
677247009303
678560084689
687694155572
692629662341
696293336153
700309365173
701801437069
703826709296
705786573839
706696153703
718696463550
728067462876
732588697714
734690535124
736109733057
739949490362
744991618099
749788876002
757687623174
762989015603
771997080057
779311132079
782042635644
782355499164
803447380631
810946015097
817716747068
833843364985
841603186415
842437889173
843849095901
849762660801
852410226920
854230840558
855731621018
857686994073
859897105181
863366899232
878037005047
886712127085
890448551246
895928848726
897290059870
900624993940
901067232577
904048997028
904385353921
909896214605
911360467161
913775597801
914769515694
922454555037
924690742447
926668084518
937013780636
937661745016
938477692449
938535385247
939588573950
941111418689
945589809843
946695793695
964351162987
967955991453
970897633110
976614142102
978730509993
980167963924
981941383678
988662545077
990655753790
993037166825
993356041058
995286604904
1000928712601
1007500664426
1007702818584
1012043552647
1012326301011
1019138015511
1023767679722
1024139115975
1025258579858
1030666224438
1032924742233
1034586476035
1036503932434
1037380955761
1040071724093
1052350675217
1054152350887
1058044168737
1058214124138
1058662234367
1059828285365
1060283093001
1060752508430
1062409919261
1062499242947
1063047335256
1063276775817
1064083105395
1065092155823
1065743630809
1065862995811
1066130060313
1066179754396
1067540777747
1067553883613
1068500125624
1069173434201
1070146212871
1070150993650
1070343544950
1070410860997
1071324307600
1073031241072
1073638260926
