1001065948876
1003280412462
1007614853077
1007659507238
1008777125065
1012053007312
1012621859422
1013231412887
1013663697431
1013830459264
1013830879915
1014259008640
1014907898987
1015531501803
1015553693302
1015603629827
1017909691808
1018762484860
1018909758546
1021332484190
1025333840777
1025655510563
1025681326280
1025816624938
1026110583932
1029431953597
1029783682582
1032460365153
1035753254543
1037329559589
1039323275968
1039583280214
1039758438688
1041064048337
1041792271604
1042318015280
1042664726418
1045829009777
1046842769750
1046908981824
1047086810146
1047302512685
1047505984248
1048758698292
1050137084590
1050490699857
1050885852724
1051124422393
1051443020472
1053571326002
1055087015947
1055296749094
1055488130048
1055968675447
1056094217313
1056895585339
1057113033667
1057143347205
1058045896773
1058631150350
1058633310590
1058679018470
1059685729601
1059704970741
1060485450563
1060782692013
1060971262595
1061990984976
1062251521776
1062414480889
1062463736729
1062692455190
1062998599805
1063017670335
1063035107970
1063336847780
1063798682461
1063837090868
1064065649050
1064148570445
1064986175940
1064986387575
1064986667377
1065325527005
1065729037019
1065804370509
1065804446835
1065804462266
1065804834139
1066796141074
1066817257620
1066817297863
1066817345763
1066817389460
1067164156534
1067235603898
1067508051522
1067510371141
1067775520829
1067775668277
1067775688751
1067775940424
1067775976238
1067776012509
1067891296253
1068344714600
1068603524067
1068725129510
1068815753420
1068949064525
1069041889620
1069338477041
1069344241935
1070026364971
41348547372
41356239992
42275460267
45510559782
521235675620
527564510076
528601129519
529060167740
529729031182
532893774163
538865608514
540413669912
550829912709
551050683796
557802404654
564881247252
576616712070
579832321305
582120586980
583746390280
589644317588
592957403727
599886498514
601749211717
603000006099
606599814277
609980598629
618800309948
623648813821
626155438810
634737103147
637431504947
639914433237
641247264293
644708767999
644990933116
652507285453
655660975400
659615449897
660157459374
660757888254
661823482362
665237038169
669581737854
670076046117
670078670262
670864419149
670930248086
675360883655
675871755229
678772793781
678866570404
682152771076
683940066769
684424064240
685482315366
691524316326
691637651029
693218747301
695882535250
698547794215
703054334369
703826709296
706940837403
708172857562
709226600352
713502852829
715079207383
720953819714
722573801097
728903873921
730121691876
730466537485
732392707386
732704975942
732742581980
734066322755
734690535124
736798460795
738509508297
739805617524
742644280904
742944703915
744991618099
748094426317
749034464978
756841161562
757228927097
762989015603
763079040290
764310628851
766105533628
769845656645
770098508588
771560708223
771662010763
774250995384
778126338217
785646341829
787620217908
788427855030
793270197616
796971945474
800523238164
801261410423
802475991162
802820334982
805389199094
807880743184
808946502285
810946015097
811485897060
816599327867
817716747068
822443731639
827412894289
827822860247
829197709494
833095020793
833843364985
836541694333
837245360781
837374785005
838997611711
841603186415
843788538280
848100546879
850415968500
853470751050
8557555056
860022271265
862295938676
863366899232
865941510514
867423645698
868207894603
886829611549
888606479167
890448551246
894827589905
895702136657
895888616921
896235959675
897391902559
899169580632
899990136045
904545705994
906784447138
909503171647
910228417642
910786448435
911221261978
911360467161
911709365494
912220009122
915241539484
922346047450
923822812751
929674963901
929937969348
931225475668
931711522815
934719248418
937001141983
937661745016
939588573950
943575375286
944056559169
944677562380
948464544348
949111870710
951210059705
958588721075
961086922699
963607181490
963732568978
964351162987
964761171475
966592945404
966803324027
967404453005
969007738986
969474246403
970928072170
971911432936
971931397284
973037446207
975160381888
976576808692
977664801275
978063284419
978263521940
980237989529
980609203332
980684496568
981117711732
983082047149
984034625184
984355821827
985928675522
986688521966
988662545077
988945146696
989006701946
992322921630
992607345656
993813151005
995660644048
997161294540
997722725566
998730473585
999774228367